2.0 225.895 132.369 533.062
3.0 936.92 450.471 1212.308
4.0 692.238 294.111 666.469
5.0 1501.705 574.432 1155.804
6.0 557.611 201.242 375.763
7.0 1152.643 381.584 670.824
8.0 615.846 191.997 323.446
9.0 697.821 214.638 349.581
10.0 803.658 232.846 367.945
11.0 869.58 240.26 371.043
12.0 764.074 204.951 310.576
13.0 599.003 158.593 235.581
14.0 808.139 199.37 290.751
15.0 1022.111 243.487 349.7
16.0 621.292 150.977 215.798
17.0 1035.378 236.167 332.095
18.0 674.593 156.341 216.872
19.0 951.642 211.554 290.997
20.0 659.863 144.78 197.637
21.0 601.924 136.05 185.258
22.0 605.295 131.698 177.041
23.0 748.519 155.938 208.7
24.0 850.496 175.6 233.216
25.0 814.268 169.433 224.306
26.0 823.803 164.398 215.355
27.0 1004.022 190.293 247.879
28.0 1149.889 215.09 279.078
29.0 979.567 183.071 236.655
