48.0 1479.33552 50.7654876 50.7654876
76.0 2034.96833 54.7101576 54.7101576
106.0 2955.39416 64.976644 64.976644
136.0 3869.51392 76.9143744 76.9143744
165.0 4889.46506 86.5856259 86.5856259
195.0 5464.10945 90.5533459 90.5533459
225.0 5793.43954 87.1348811 87.1348811
255.0 5372.88375 76.9383697 76.9383697
285.0 4627.67753 62.5199141 62.5199141
315.0 3604.23851 47.1589439 47.1589439
345.0 2631.20029 33.8762191 33.8762191
375.0 2033.05943 24.8190562 24.8190562
405.0 1753.36253 20.7109083 20.7109083
435.0 1787.57901 20.6713695 20.6713695
465.0 2162.04649 22.7523861 22.7523861
495.0 2422.0848 24.9726104 24.9726104
525.0 2573.4805 25.9184118 25.9184118
555.0 2546.29768 25.0510538 25.0510538
585.0 2360.6453 22.7209283 22.7209283
615.0 2095.43505 19.8505488 19.8505488
645.0 1884.67698 17.5025264 17.5025264
675.0 1813.16288 16.4306044 16.4306044
705.0 1883.19393 16.7990643 16.7990643
735.0 2097.13072 18.1645476 18.1645476
765.0 2318.73584 19.7363538 19.7363538
795.0 2464.58129 20.706222 20.706222
825.0 2521.9126 20.519762 20.519762
855.0 2394.12077 19.0381031 19.0381031
885.0 2083.33867 16.5790348 16.5790348
915.0 1740.72841 13.7374917 13.7374917
945.0 1418.67342 11.1420483 11.1420483
975.0 1172.95424 9.28646475 9.28646475
1005.0 1062.40462 8.37987 8.37987
1035.0 1047.86241 8.30074773 8.30074773
1065.0 1132.35191 8.68575434 8.68575434
1095.0 1211.01851 9.11274984 9.11274984
1125.0 1231.87224 9.26050628 9.26050628
1155.0 1205.7805 8.98528122 8.98528122
1185.0 1117.92662 8.33171031 8.33171031
1215.0 968.422243 7.54508665 7.54508665
1245.0 864.397967 6.64322644 6.64322644
1275.0 761.605936 5.98585735 5.98585735
1305.0 732.339633 5.68666086 5.68666086
1335.0 737.290337 5.71800485 5.71800485
1365.0 774.925851 5.94089388 5.94089388
1395.0 806.625346 6.17243469 6.17243469
1425.0 809.057064 6.25632882 6.25632882
1455.0 777.751089 6.1114343 6.1114343
1485.0 728.94358 5.74544667 5.74544667
1515.0 648.288645 5.24258624 5.24258624
1545.0 551.286111 4.72393254 4.72393254
1575.0 476.600995 4.300796 4.300796
1605.0 419.54127 4.04442416 4.04442416
1635.0 395.211496 3.96833591 3.96833591
1665.0 391.657847 4.03423921 4.03423921
1695.0 392.947519 4.17356282 4.17356282
1725.0 397.735803 4.3166551 4.3166551
1755.0 383.011743 4.41586492 4.41586492
1785.0 375.391143 4.45733427 4.45733427
1815.0 340.139516 4.45892926 4.45892926
1845.0 307.539268 4.45749277 4.45749277
1875.0 273.859536 4.49350451 4.49350451
1905.0 249.846901 4.59652807 4.59652807
1935.0 244.2463 4.77758093 4.77758093
1965.0 231.913142 5.02866666 5.02866666
1995.0 234.658998 5.42839879 5.42839879
2025.0 231.744942 5.86880339 5.86880339
2055.0 219.660112 6.20024969 6.20024969
2085.0 214.25265 6.53323083 6.53323083
2115.0 196.716713 6.87393629 6.87393629
2145.0 176.431323 7.23789713 7.23789713
2175.0 152.227062 7.64417922 7.64417922
2205.0 138.671109 8.10965997 8.10965997
2235.0 121.459219 8.64541703 8.64541703
2265.0 116.155153 9.2555667 9.2555667
2295.0 117.768892 9.93861339 9.93861339
2325.0 116.129438 10.6905048 10.6905048
2355.0 109.714703 11.5085752 11.5085752
2385.0 120.361413 12.3926722 12.3926722
2415.0 90.4515698 13.3433129 13.3433129
2445.0 103.080972 14.3819739 14.3819739
2475.0 73.6743738 15.5113561 15.5113561
2499.0 61.3290585 20.9398269 20.9398269
